0.00000011379600 3.863660 28.080740 21.585820 0.058610
0.00000003898220 3.859060 28.117340 21.501610 0.045960
0.00000002439030 4.140310 28.142500 21.475360 0.073000
0.00000001190870 3.722660 27.951030 21.597020 0.041200
0.00000001076310 3.902120 27.979960 21.932740 0.055780
0.00000000901445 3.792170 27.984710 21.567750 0.024180
0.00000000726583 3.598340 27.740610 21.574470 0.048900
0.00000000679852 3.893670 28.024600 21.548530 0.047430
0.00000000645181 3.868720 27.827700 21.569870 0.047090
0.00000000575840 3.656480 28.232550 21.677060 0.045360
0.00000000321083 3.813370 28.231440 21.443970 0.037320
0.00000000315054 3.837540 27.828470 21.779130 0.036920
0.00000000286412 3.897280 27.859340 21.936850 0.035760
0.00000000262293 3.654460 27.977980 21.695130 0.034730
0.00000000262293 3.830910 28.284710 21.536560 0.034720
0.00000000236667 3.764540 27.773210 21.886050 0.033580
0.00000000122102 3.724900 27.612230 21.629000 0.026970
0.00000000107028 3.819120 27.872800 21.625490 0.026270
0.00000000100998 3.682300 27.971490 21.626360 0.026960
0.00000000096476 3.874920 28.085180 21.678240 0.025970
0.00000000088939 3.988280 28.176890 21.632230 0.017190
0.00000000073864 3.716910 27.850570 21.669250 0.022130
0.00000000063312 3.717400 27.826510 21.324730 0.023160
0.00000000058790 3.975860 28.213600 21.482030 0.021520
0.00000000042208 3.737300 27.882410 21.714070 0.019350
0.00000000037686 4.032470 27.896850 21.893710 0.018590
0.00000000036178 3.638540 28.031660 21.352380 0.019170
