0.00000012143900 3.870100 28.087010 21.584360 0.061140
0.00000004516270 3.856700 28.113370 21.498330 0.045460
0.00000002184270 4.137740 28.142150 21.475970 0.070340
0.00000001175800 3.773750 27.969540 21.560890 0.031700
0.00000000818536 3.900230 27.978190 21.937940 0.050780
0.00000000476349 3.891720 27.864310 21.969440 0.042400
0.00000000429619 3.596680 27.724510 21.569040 0.040930
0.00000000375351 3.723960 27.878820 21.710890 0.039300
0.00000000244204 3.655680 27.978040 21.695190 0.034300
0.00000000226115 3.723560 28.025330 21.515360 0.033120
